   0.00000   0.00000   0.00000   0.00001   0.00003   0.00010   0.00024   0.00045   0.00065   0.00074   0.00065   0.00045   0.00024   0.00010   0.00003   0.00001   0.00000   0.00000   0.00000
   0.00000   0.00000   0.00001   0.00005   0.00019   0.00058   0.00140   0.00262   0.00381   0.00432   0.00381   0.00262   0.00140   0.00058   0.00019   0.00005   0.00001   0.00000   0.00000
   0.00000   0.00001   0.00005   0.00024   0.00094   0.00288   0.00692   0.01292   0.01880   0.02130   0.01880   0.01292   0.00692   0.00288   0.00094   0.00024   0.00005   0.00001   0.00000
   0.00000   0.00003   0.00019   0.00098   0.00389   0.01197   0.02871   0.05364   0.07804   0.08843   0.07804   0.05364   0.02871   0.01197   0.00389   0.00098   0.00019   0.00003   0.00000
   0.00000   0.00010   0.00066   0.00336   0.01329   0.04094   0.09821   0.18348   0.26696   0.30250   0.26696   0.18348   0.09821   0.04094   0.01329   0.00336   0.00066   0.00010   0.00000
   0.00000   0.00028   0.00184   0.00933   0.03692   0.11371   0.27277   0.50961   0.74147   0.84020   0.74147   0.50961   0.27277   0.11371   0.03692   0.00933   0.00184   0.00028   0.00000
   0.00000   0.00063   0.00410   0.02084   0.08241   0.25384   0.60893   1.13762   1.65523   1.87562   1.65523   1.13762   0.60893   0.25384   0.08241   0.02084   0.00410   0.00063   0.00000
   0.00000   0.00112   0.00731   0.03713   0.14686   0.45236   1.08516   2.02735   2.94978   3.34254   2.94978   2.02735   1.08516   0.45236   0.14686   0.03713   0.00731   0.00112   0.00000
   0.00000   0.00159   0.01036   0.05260   0.20804   0.64081   1.53721   2.87189   4.17858   4.73495   4.17858   2.87189   1.53721   0.64081   0.20804   0.05260   0.01036   0.00159   0.00000
   0.00000   0.00178   0.01164   0.05909   0.23370   0.71986   1.72686   3.22619   4.69408   5.31909   4.69408   3.22619   1.72686   0.71986   0.23370   0.05909   0.01164   0.00178   0.00000
   0.00000   0.00159   0.01036   0.05260   0.20804   0.64081   1.53721   2.87189   4.17858   4.73495   4.17858   2.87189   1.53721   0.64081   0.20804   0.05260   0.01036   0.00159   0.00000
   0.00000   0.00112   0.00731   0.03713   0.14686   0.45236   1.08516   2.02735   2.94978   3.34254   2.94978   2.02735   1.08516   0.45236   0.14686   0.03713   0.00731   0.00112   0.00000
   0.00000   0.00063   0.00410   0.02084   0.08241   0.25384   0.60893   1.13762   1.65523   1.87562   1.65523   1.13762   0.60893   0.25384   0.08241   0.02084   0.00410   0.00063   0.00000
   0.00000   0.00028   0.00184   0.00933   0.03692   0.11371   0.27277   0.50961   0.74147   0.84020   0.74147   0.50961   0.27277   0.11371   0.03692   0.00933   0.00184   0.00028   0.00000
   0.00000   0.00010   0.00066   0.00336   0.01329   0.04094   0.09821   0.18348   0.26696   0.30250   0.26696   0.18348   0.09821   0.04094   0.01329   0.00336   0.00066   0.00010   0.00000
   0.00000   0.00003   0.00019   0.00098   0.00389   0.01197   0.02871   0.05364   0.07804   0.08843   0.07804   0.05364   0.02871   0.01197   0.00389   0.00098   0.00019   0.00003   0.00000
   0.00000   0.00001   0.00005   0.00024   0.00094   0.00288   0.00691   0.01291   0.01879   0.02129   0.01879   0.01291   0.00691   0.00288   0.00094   0.00024   0.00005   0.00001   0.00000
   0.00000   0.00000   0.00001   0.00005   0.00019   0.00057   0.00137   0.00256   0.00372   0.00422   0.00372   0.00256   0.00137   0.00057   0.00019   0.00005   0.00001   0.00000   0.00000
   0.00000   0.00000   0.00000   0.00000   0.00000   0.00000   0.00000   0.00000   0.00000   0.00000   0.00000   0.00000   0.00000   0.00000   0.00000   0.00000   0.00000   0.00000   0.00000
